/
/ circloO level
/ Made with circloO Level Editor v1.3
totalCircles 7 1
/ EDITOR_TOOL 1 'select'
/ EDITOR_VIEW 1594.09 1682.85 1.37
/ EDT 105577
levelscriptVersion 7
COLORS 156
grav 1 270
b 1493 2678.5 238 57.5 0
< 0
b 1323 2123.5 16 512.5 0
< 1
b 1671 2115.5 15 512.5 0
< 2
b 1497.5 2547 180.5 7 0
< 3
mb 1495 2478 33 9 1 -1 0 -1
< 4
b 1414.5 2043 6.5 420 0
< 5
b 1573.5 2040.5 7.5 423.5 0
< 6
b 1573 2521 7 27 0
< 7
b 1495.5 2520 7.5 27 0
< 8
b 1414 2518 6 27 0
< 9
ic 'isp' 1495 2589 1
< 10
mb 1496.5 2254.5 2.5 41.5 1 -1 0 -1
< 11
y 1496 2590 1 1 1
bullet
< 12
ic 'ispo' 1533 2520 1
< 13
ic 'ispo' 1370 2521 1
< 14
ic 'ispo' 1448 2522 1
< 15
ic 'ispo' 1615 2520 1
< 16
tmc 1698.5 2417.5 10.329288482666016 1 0 60 0
< 17
b 1495 2045.5 7 418.5 0
< 18
b 1722 2498 9 127 0
< 19
b 1703.5 2343 32.5 35 0
< 20
l_at 1756 2383 1756 2336 3
< 21
l_at 1767 2352 1757 2335 3
< 22
l_at 1780 2335 1765 2353 3
< 23
l_at 1777 2383 1778 2334 3
< 24
l_at 1767 2442 1765 2406 3
< 25
c 1764 2398 3.933034420013428
< 26
/ LE_ARC_DESCRIPTION 1767.36 2475.68 276.99 60.4 13.43 2574 2861 2 3
< 27
/ LE_ARC_DESCRIPTION 1766.17 2501.67 88.5 243.42 12.67 2597.5 2880 2 3
< 28
/ LE_ARC_DESCRIPTION 1770.17 2575.67 88.5 243.42 12.67 2601.5 2954 2 3
< 29
/ LE_ARC_DESCRIPTION 1771.36 2549.68 276.99 60.4 13.43 2578 2935 2 3
< 30
ic 'ispo' 1698 2367 1
< 31
mb 2479 1505.5 155 6.5 1 -1 0 -1
< 32
b 2476 1622 157 6 0
< 33
c 2373 1563 34.01470184326172
< 34
l_at 2421 1533 2448 1590 3
< 35
l_at 2462 1531 2447 1589 3
< 36
t 2495 1529 2495 1567 2527 1548
< 37
t 2495 1563 2495 1601 2527 1582
< 38
b 2568 1564 8 38 0
< 39
b 2592.5 1527.5 17.5 1.5 0
< 40
b 2591.5 1557.5 17.5 1.5 0
< 41
b 2611 1542.5 8 16.5 0
< 42
b 2596.0 1580.0 29.46 4.09 40.69
< 43
b 2473 1390 157 6 0
< 44
/ LE_ARC_DESCRIPTION 2376.01 1448.05 266.6 76.42 34.01 3165 1846 2 3
< 45
l_at 2376 1454 2373 1485 3
< 46
t 2413 1483 2442 1415 2464 1485
< 47
l_at 2497 1488 2496 1414 3
< 48
l_at 2542 1488 2541 1411 3
< 49
l_at 2520 1486 2498 1413 3
< 50
l_at 2541 1416 2519 1486 3
< 51
/ LE_ARC_DESCRIPTION 2599.13 1431.11 279.64 87.09 17.13 3402 1815 2 3
< 52
/ LE_ARC_DESCRIPTION 2598.52 1466.26 288.12 78.62 17.61 3401 1852 2 3
< 53
> 32
> 2
hinge 0 0 0 0 0 100
< 54
> 11
> 2
hinge 0 0 0 0 0 100
< 55
> 10
> 4
hinge 0 0 0 0 0 100
< 56
> 31
> 32
spc 'Follow'
< 57
> 14
> 17
spc 'Now'
< 58
> 15
> 17
spc 'Now'
< 59
> 13
> 17
spc 'Now'
< 60
> 10
> 11
spc 'Follow'
< 61
> 16
> 17
spc 'Now'
< 62
tmc 1535 1670 27.33 1 60 59999940 -59999912.13605443
< 63
tmc 1455 1670 27.33 1 60 59999940 -59999888.45170068
< 64
tmc 1375 1670 27.33 1 60 59999940 -59999864.76734693
< 65
tmc 1375 1670 27.33 1 60 59999940 -59999841.082993194
< 66
tmc 1535 1670 27.33 1 60 59999940 -59999817.398639455
< 67
tmc 1620 1670 27.33 1 60 59999940 -59999795.10748299
< 68
tmc 1620 1670 27.33 1 60 59999940 -59999772.81632653
< 69
tmc 1535 1670 27.33 1 60 59999940 -59999749.13197279
< 70
tmc 1375 1670 27.33 1 60 59999940 -59999726.84081633
< 71
tmc 1455 1670 27.33 1 60 59999940 -59999703.15646259
< 72
tmc 1455 1670 27.33 1 60 59999940 -59999679.47210885
< 73
tmc 1535 1670 27.33 1 60 59999940 -59999655.7877551
< 74
tmc 1455 1670 27.33 1 60 59999940 -59999633.49659864
< 75
tmc 1455 1670 27.33 1 60 59999940 -59999611.205442175
< 76
tmc 1535 1670 27.33 1 60 59999940 -59999587.521088436
< 77
tmc 1620 1670 27.33 1 60 59999940 -59999565.22993197
< 78
tmc 1535 1670 27.33 1 60 59999940 -59999541.54557823
< 79
tmc 1455 1670 27.33 1 60 59999940 -59999517.86122449
< 80
tmc 1375 1670 27.33 1 60 59999940 -59999495.570068024
< 81
tmc 1375 1670 27.33 1 60 59999940 -59999471.885714285
< 82
tmc 1535 1670 27.33 1 60 59999940 -59999449.59455782
< 83
tmc 1620 1670 27.33 1 60 59999940 -59999425.910204075
< 84
tmc 1620 1670 27.33 1 60 59999940 -59999403.61904762
< 85
tmc 1455 1670 27.33 1 60 59999940 -59999379.93469388
< 86
tmc 1455 1670 27.33 1 60 59999940 -59999356.250340134
< 87
tmc 1455 1670 27.33 1 60 59999940 -59999333.95918368
< 88
tmc 1535 1670 27.33 1 60 59999940 -59999310.27482993
< 89
tmc 1455 1670 27.33 1 60 59999940 -59999286.590476185
< 90
tmc 1455 1670 27.33 1 60 59999940 -59999264.29931973
< 91
tmc 1455 1670 27.33 1 60 59999940 -59999242.008163266
< 92
tmc 1535 1670 27.33 1 60 59999940 -59999219.7170068
< 93
tmc 1620 1670 27.33 1 60 59999940 -59999196.03265306
< 94
tmc 1535 1670 27.33 1 60 59999940 -59999172.34829932
< 95
tmc 1375 1670 27.33 1 60 59999940 -59999148.66394558
< 96
tmc 1375 1670 27.33 1 60 59999940 -59999126.37278912
< 97
tmc 1375 1670 27.33 1 60 59999940 -59999102.688435376
< 98
tmc 1535 1670 27.33 1 60 59999940 -59999080.39727891
< 99
tmc 1620 1670 27.33 1 60 59999940 -59999056.71292517
< 100
tmc 1535 1670 27.33 1 60 59999940 -59999034.42176871
< 101
tmc 1455 1670 27.33 1 60 59999940 -59999010.73741497
< 102
tmc 1535 1670 27.33 1 60 59999940 -59998987.053061225
< 103
tmc 1535 1670 27.33 1 60 59999940 -59998964.76190476
< 104
tmc 1455 1670 27.33 1 60 59999940 -59998941.07755102
< 105
tmc 1375 1670 27.33 1 60 59999940 -59998917.39319728
< 106
tmc 1375 1670 27.33 1 60 59999940 -59998895.10204082
< 107
tmc 1455 1670 27.33 1 60 59999940 -59998872.81088435
< 108
tmc 1620 1670 27.33 1 60 59999940 -59998849.12653061
< 109
tmc 1620 1670 27.33 1 60 59999940 -59998826.835374154
< 110
tmc 1535 1670 27.33 1 60 59999940 -59998803.15102041
< 111
tmc 1375 1670 27.33 1 60 59999940 -59998779.46666667
< 112
tmc 1375 1670 27.33 1 60 59999940 -59998757.175510205
< 113
tmc 1455 1670 27.33 1 60 59999940 -59998733.49115646
< 114
tmc 1535 1670 27.33 1 60 59999940 -59998711.2
< 115
tmc 1535 1670 27.33 1 60 59999940 -59998687.515646264
< 116
tmc 1535 1670 27.33 1 60 59999940 -59998663.83129252
< 117
tmc 1535 1670 27.33 1 60 59999940 -59998641.540136054
< 118
tmc 1535 1670 27.33 1 60 59999940 -59998617.855782315
< 119
tmc 1535 1670 27.33 1 60 59999940 -59998595.56462585
< 120
tmc 1455 1670 27.33 1 60 59999940 -59998571.88027211
< 121
tmc 1375 1670 27.33 1 60 59999940 -59998548.19591837
< 122
tmc 1375 1670 27.33 1 60 59999940 -59998525.9047619
< 123
tmc 1455 1670 27.33 1 60 59999940 -59998503.61360544
< 124
tmc 1620 1670 27.33 1 60 59999940 -59998479.9292517
< 125
tmc 1620 1670 27.33 1 60 59999940 -59998456.24489796
< 126
tmc 1535 1670 27.33 1 60 59999940 -59998433.95374149
< 127
tmc 1455 1670 27.33 1 60 59999940 -59998410.26938775
< 128
tmc 1375 1670 27.33 1 60 59999940 -59998387.978231296
< 129
tmc 1455 1670 27.33 1 60 59999940 -59998364.29387755
< 130
tmc 1535 1670 27.33 1 60 59999940 -59998342.002721086
< 131
tmc 1455 1670 27.33 1 60 59999940 -59998318.31836735
< 132
tmc 1455 1670 27.33 1 60 59999940 -59998294.6340136
< 133
tmc 1535 1670 27.33 1 60 59999940 -59998272.342857145
< 134
tmc 1620 1670 27.33 1 60 59999940 -59998248.658503406
< 135
tmc 1620 1670 27.33 1 60 59999940 -59998226.367346935
< 136
tmc 1455 1670 27.33 1 60 59999940 -59998202.682993196
< 137
tmc 1375 1670 27.33 1 60 59999940 -59998178.99863946
< 138
tmc 1375 1670 27.33 1 60 59999940 -59998156.70748299
< 139
tmc 1535 1670 27.33 1 60 59999940 -59998133.023129255
< 140
tmc 1620 1670 27.33 1 60 59999940 -59998110.731972784
< 141
tmc 1620 1670 27.33 1 60 59999940 -59998087.047619045
< 142
tmc 1535 1670 27.33 1 60 59999940 -59998063.363265306
< 143
tmc 1455 1670 27.33 1 60 59999940 -59998041.07210884
< 144
tmc 1455 1670 27.33 1 60 59999940 -59998018.78095238
< 145
tmc 1535 1670 27.33 1 60 59999940 -59997995.09659864
< 146
tmc 1455 1670 27.33 1 60 59999940 -59997971.41224489
< 147
tmc 1455 1670 27.33 1 60 59999940 -59997949.12108844
< 148
tmc 1455 1670 27.33 1 60 59999940 -59997925.4367347
< 149
tmc 1535 1670 27.33 1 60 59999940 -59997903.14557823
< 150
tmc 1620 1670 27.33 1 60 59999940 -59997879.46122449
< 151
tmc 1620 1670 27.33 1 60 59999940 -59997855.77687075
< 152
tmc 1455 1670 27.33 1 60 59999940 -59997833.48571429
< 153
tmc 1375 1670 27.33 1 60 59999940 -59997809.80136055
< 154
tmc 1375 1670 27.33 1 60 59999940 -59997787.51020408
< 155
tmc 1535 1670 27.33 1 60 59999940 -59997763.82585034
< 156
tmc 1620 1670 27.33 1 60 59999940 -59997740.1414966
< 157
tmc 1535 1670 27.33 1 60 59999940 -59997717.850340135
< 158
tmc 1455 1670 27.33 1 60 59999940 -59997694.1659864
< 159
tmc 1455 1670 27.33 1 60 59999940 -59997671.874829926
< 160
tmc 1535 1670 27.33 1 60 59999940 -59997648.19047619
< 161
tmc 1535 1670 27.33 1 60 59999940 -59997624.50612245
< 162
tmc 1455 1670 27.33 1 60 59999940 -59997602.214965984
< 163
tmc 1375 1670 27.33 1 60 59999940 -59997579.92380953
< 164
tmc 1455 1670 27.33 1 60 59999940 -59997557.63265306
< 165
tmc 1620 1670 27.33 1 60 59999940 -59997533.94829932
< 166
tmc 1620 1670 27.33 1 60 59999940 -59997510.26394558
< 167
tmc 1535 1670 27.33 1 60 59999940 -59997486.57959184
< 168
tmc 1455 1670 27.33 1 60 59999940 -59997464.28843537
< 169
tmc 1375 1670 27.33 1 60 59999940 -59997440.60408163
< 170
tmc 1455 1670 27.33 1 60 59999940 -59997416.91972789
< 171
tmc 1535 1670 27.33 1 60 59999940 -59997394.62857143
< 172
tmc 1535 1670 27.33 1 60 59999940 -59997370.94421769
< 173
tmc 1535 1670 27.33 1 60 59999940 -59997348.653061226
< 174
tmc 1535 1670 27.33 1 60 59999940 -59997324.96870748
< 175
tmc 1535 1670 27.33 1 60 59999940 -59997302.67755102
< 176
tmc 1535 1670 27.33 1 60 59999940 -59997278.99319728
< 177
tmc 1535 1670 27.33 1 60 59999940 -59997255.30884354
< 178
tmc 1375 1670 27.33 1 60 59999940 -59997233.017687075
< 179
tmc 1375 1670 27.33 1 60 59999940 -59997210.72653061
< 180
tmc 1455 1670 27.33 1 60 59999940 -59997187.04217687
< 181
tmc 1620 1670 27.33 1 60 59999940 -59997164.75102041
< 182
tmc 1620 1670 27.33 1 60 59999940 -59997141.06666667
< 183
tmc 1535 1670 27.33 1 60 59999940 -59997117.38231292
< 184
tmc 1455 1670 27.33 1 60 59999940 -59997095.09115646
< 185
tmc 1375 1670 27.33 1 60 59999940 -59997071.40680272
< 186
tmc 1455 1670 27.33 1 60 59999940 -59997049.11564626
< 187
tmc 1535 1670 27.33 1 60 59999940 -59997025.43129252
< 188
tmc 1455 1670 27.33 1 60 59999940 -59997003.140136056
< 189
tmc 1455 1670 27.33 1 60 59999940 -59996979.45578231
< 190
tmc 1535 1670 27.33 1 60 59999940 -59996955.77142857
< 191
tmc 1620 1670 27.33 1 60 59999940 -59996933.480272114
< 192
tmc 1620 1670 27.33 1 60 59999940 -59996909.79591837
< 193
tmc 1455 1670 27.33 1 60 59999940 -59996886.11156462
< 194
tmc 1375 1670 27.33 1 60 59999940 -59996863.820408165
< 195
tmc 1375 1670 27.33 1 60 59999940 -59996841.5292517
< 196
tmc 1455 1670 27.33 1 60 59999940 -59996817.84489796
< 197
tmc 1620 1670 27.33 1 60 59999940 -59996794.16054422
< 198
tmc 1620 1670 27.33 1 60 59999940 -59996771.86938775
< 199
tmc 1535 1670 27.33 1 60 59999940 -59996748.185034014
< 200
tmc 1455 1670 27.33 1 60 59999940 -59996724.500680275
< 201
tmc 1455 1670 27.33 1 60 59999940 -59996702.20952381
< 202
tmc 1455 1670 27.33 1 60 59999940 -59996679.91836734
< 203
tmc 1455 1670 27.33 1 60 59999940 -59996656.2340136
< 204
tmc 1455 1670 27.33 1 60 59999940 -59996633.942857146
< 205
tmc 1455 1670 27.33 1 60 59999940 -59996610.2585034
< 206
tmc 1535 1670 27.33 1 60 59999940 -59996586.57414966
< 207
tmc 1620 1670 27.33 1 60 59999940 -59996562.889795914
< 208
tmc 1620 1670 27.33 1 60 59999940 -59996540.59863945
< 209
tmc 1455 1670 27.33 1 60 59999940 -59996516.91428571
< 210
tmc 1375 1670 27.33 1 60 59999940 -59996494.623129256
< 211
tmc 1375 1670 27.33 1 60 59999940 -59996470.93877551
< 212
tmc 1535 1670 27.33 1 60 59999940 -59996447.25442177
< 213
tmc 1620 1670 27.33 1 60 59999940 -59996424.96326531
< 214
tmc 1535 1670 27.33 1 60 59999940 -59996402.672108844
< 215
tmc 1535 1670 27.33 1 60 59999940 -59996378.987755105
< 216
tmc 1455 1670 27.33 1 60 59999940 -59996356.696598634
< 217
tmc 1535 1670 27.33 1 60 59999940 -59996333.012244895
< 218
tmc 1535 1670 27.33 1 60 59999940 -59996310.72108844
< 219
tmc 1455 1670 27.33 1 60 59999940 -59996287.03673469
< 220
tmc 1375 1670 27.33 1 60 59999940 -59996264.74557823
< 221
tmc 1455 1670 27.33 1 60 59999940 -59996241.06122449
< 222
tmc 1535 1670 27.33 1 60 59999940 -59996217.376870744
< 223
tmc 1620 1670 27.33 1 60 59999940 -59996195.08571429
< 224
tmc 1620 1670 27.33 1 60 59999940 -59996171.40136055
< 225
tmc 1455 1670 27.33 1 60 59999940 -59996149.11020408
< 226
tmc 1375 1670 27.33 1 60 59999940 -59996125.42585034
< 227
tmc 1375 1670 27.33 1 60 59999940 -59996101.7414966
< 228
tmc 1535 1670 27.33 1 60 59999940 -59996079.45034014
< 229
tmc 1535 1670 27.33 1 60 59999940 -59996055.7659864
< 230
tmc 1535 1670 27.33 1 60 59999940 -59996033.47482993
< 231
tmc 1455 1670 27.33 1 60 59999940 -59996009.79047619
< 232
tmc 1535 1670 27.33 1 60 59999940 -59995987.499319725
< 233
tmc 1535 1670 27.33 1 60 59999940 -59995963.814965986
< 234
tmc 1535 1670 27.33 1 60 59999940 -59995940.13061225
< 235
tmc 1375 1670 27.33 1 60 59999940 -59995917.839455776
< 236
tmc 1375 1670 27.33 1 60 59999940 -59995894.15510204
< 237
tmc 1455 1670 27.33 1 60 59999940 -59995871.86394558
< 238
tmc 1620 1670 27.33 1 60 59999940 -59995848.179591835
< 239
tmc 1620 1670 27.33 1 60 59999940 -59995825.88843538
< 240
tmc 1535 1670 27.33 1 60 59999940 -59995802.20408163
< 241
tmc 1455 1670 27.33 1 60 59999940 -59995779.91292517
< 242
tmc 1375 1670 27.33 1 60 59999940 -59995756.22857143
< 243
tmc 1455 1670 27.33 1 60 59999940 -59995732.54421769
< 244
tmc 1535 1670 27.33 1 60 59999940 -59995710.25306122
< 245
tmc 1535 1670 27.33 1 60 59999940 -59995687.961904764
< 246
tmc 1455 1670 27.33 1 60 59999940 -59995664.27755102
< 247
tmc 1535 1670 27.33 1 60 59999940 -59995640.59319728
< 248
tmc 1620 1670 27.33 1 60 59999940 -59995618.30204082
< 249
tmc 1620 1670 27.33 1 60 59999940 -59995594.61768708
< 250
tmc 1535 1670 27.33 1 60 59999940 -59995572.32653061
< 251
tmc 1375 1670 27.33 1 60 59999940 -59995548.642176874
< 252
tmc 1375 1670 27.33 1 60 59999940 -59995526.35102041
< 253
tmc 1455 1670 27.33 1 60 59999940 -59995502.66666667
< 254
tmc 1620 1670 27.33 1 60 59999940 -59995478.982312925
< 255
tmc 1620 1670 27.33 1 60 59999940 -59995456.69115646
< 256
tmc 1535 1670 27.33 1 60 59999940 -59995433.00680272
< 257
tmc 1455 1670 27.33 1 60 59999940 -59995409.322448984
< 258
tmc 1455 1670 27.33 1 60 59999940 -59995387.03129252
< 259
tmc 1455 1670 27.33 1 60 59999940 -59995363.346938774
< 260
tmc 1455 1670 27.33 1 60 59999940 -59995341.05578231
< 261
tmc 1455 1670 27.33 1 60 59999940 -59995318.764625855
< 262
tmc 1455 1670 27.33 1 60 59999940 -59995295.08027211
< 263
tmc 1535 1670 27.33 1 60 59999940 -59995271.39591837
< 264
tmc 1620 1670 27.33 1 60 59999940 -59995249.104761906
< 265
tmc 1620 1670 27.33 1 60 59999940 -59995225.42040816
< 266
tmc 1535 1670 27.33 1 60 59999940 -59995203.1292517
< 267
tmc 1375 1670 27.33 1 60 59999940 -59995179.444897965
< 268
tmc 1375 1670 27.33 1 60 59999940 -59995157.153741494
< 269
tmc 1455 1670 27.33 1 60 59999940 -59995133.469387755
< 270
tmc 1620 1670 27.33 1 60 59999940 -59995109.785034016
< 271
tmc 1620 1670 27.33 1 60 59999940 -59995087.49387755
< 272
tmc 1535 1670 27.33 1 60 59999940 -59995063.80952381
< 273
tmc 1455 1670 27.33 1 60 59999940 -59995041.51836734
< 274
tmc 1535 1670 27.33 1 60 59999940 -59995017.8340136
< 275
tmc 1535 1670 27.33 1 60 59999940 -59994995.54285714
< 276
tmc 1455 1670 27.33 1 60 59999940 -59994971.8585034
< 277
tmc 1375 1670 27.33 1 60 59999940 -59994949.56734694
< 278
tmc 1375 1670 27.33 1 60 59999940 -59994925.88299319
< 279
tmc 1535 1670 27.33 1 60 59999940 -59994902.19863945
< 280
tmc 1620 1670 27.33 1 60 59999940 -59994879.907483
< 281
tmc 1620 1670 27.33 1 60 59999940 -59994856.22312925
< 282
tmc 1455 1670 27.33 1 60 59999940 -59994833.93197279
< 283
tmc 1375 1670 27.33 1 60 59999940 -59994810.24761905
< 284
tmc 1375 1670 27.33 1 60 59999940 -59994787.956462584
< 285
tmc 1455 1670 27.33 1 60 59999940 -59994764.272108845
< 286
tmc 1535 1670 27.33 1 60 59999940 -59994740.58775511
< 287
tmc 1535 1670 27.33 1 60 59999940 -59994718.296598636
< 288
tmc 1455 1670 27.33 1 60 59999940 -59994694.6122449
< 289
tmc 1535 1670 27.33 1 60 59999940 -59994672.32108843
< 290
tmc 1535 1670 27.33 1 60 59999940 -59994648.636734694
< 291
tmc 1535 1670 27.33 1 60 59999940 -59994626.34557823
< 292
tmc 1455 1670 27.33 1 60 59999940 -59994602.661224484
< 293
tmc 1375 1670 27.33 1 60 59999940 -59994578.976870745
< 294
tmc 1375 1670 27.33 1 60 59999940 -59994556.68571429
< 295
tmc 1535 1670 27.33 1 60 59999940 -59994533.00136054
< 296
tmc 1620 1670 27.33 1 60 59999940 -59994509.317006804
< 297
tmc 1620 1670 27.33 1 60 59999940 -59994487.02585034
< 298
tmc 1455 1670 27.33 1 60 59999940 -59994464.73469388
< 299
tmc 1375 1670 27.33 1 60 59999940 -59994441.05034014
< 300
tmc 1455 1670 27.33 1 60 59999940 -59994417.3659864
< 301
tmc 1535 1670 27.33 1 60 59999940 -59994395.07482993
< 302
tmc 1535 1670 27.33 1 60 59999940 -59994371.39047619
< 303
tmc 1455 1670 27.33 1 60 59999940 -59994349.099319726
< 304
tmc 1455 1670 27.33 1 60 59999940 -59994325.41496599
< 305
tmc 1535 1670 27.33 1 60 59999940 -59994301.73061225
< 306
tmc 1620 1670 27.33 1 60 59999940 -59994279.43945578
< 307
tmc 1535 1670 27.33 1 60 59999940 -59994255.75510204
< 308
tmc 1375 1670 27.33 1 60 59999940 -59994232.0707483
< 309
tmc 1375 1670 27.33 1 60 59999940 -59994209.779591836
< 310
tmc 1455 1670 27.33 1 60 59999940 -59994187.48843537
< 311
tmc 1535 1670 27.33 1 60 59999940 -59994163.804081626
< 312
tmc 1620 1670 27.33 1 60 59999940 -59994140.11972789
< 313
tmc 1535 1670 27.33 1 60 59999940 -59994116.43537415
< 314
tmc 1455 1670 27.33 1 60 59999940 -59994094.144217685
< 315
tmc 1455 1670 27.33 1 60 59999940 -59994071.85306123
< 316
tmc 1455 1670 27.33 1 60 59999940 -59994048.16870748
< 317
tmc 1455 1670 27.33 1 60 59999940 -59994025.87755102
< 318
tmc 1455 1670 27.33 1 60 59999940 -59994002.19319728
< 319
tmc 1455 1670 27.33 1 60 59999940 -59993979.90204082
< 320
tmc 1455 1670 27.33 1 60 59999940 -59993956.21768707
< 321
tmc 1620 1670 27.33 1 60 59999940 -59993933.926530614
< 322
tmc 1620 1670 27.33 1 60 59999940 -59993910.24217687
< 323
tmc 1535 1670 27.33 1 60 59999940 -59993886.55782313
< 324
tmc 1375 1670 27.33 1 60 59999940 -59993864.26666667
< 325
tmc 1375 1670 27.33 1 60 59999940 -59993840.58231293
< 326
tmc 1455 1670 27.33 1 60 59999940 -59993818.29115646
< 327
tmc 1535 1670 27.33 1 60 59999940 -59993794.606802724
< 328
tmc 1620 1670 27.33 1 60 59999940 -59993772.31564626
< 329
tmc 1535 1670 27.33 1 60 59999940 -59993748.63129252
< 330
tmc 1455 1670 27.33 1 60 59999940 -59993724.946938775
< 331
tmc 1535 1670 27.33 1 60 59999940 -59993702.65578231
< 332
tmc 1535 1670 27.33 1 60 59999940 -59993680.36462585
< 333
tmc 1455 1670 27.33 1 60 59999940 -59993656.68027211
< 334
tmc 1375 1670 27.33 1 60 59999940 -59993634.38911565
< 335
tmc 1375 1670 27.33 1 60 59999940 -59993610.7047619
< 336
tmc 1535 1670 27.33 1 60 59999940 -59993587.02040816
< 337
tmc 1620 1670 27.33 1 60 59999940 -59993563.33605442
< 338
tmc 1620 1670 27.33 1 60 59999940 -59993541.04489796
< 339
tmc 1535 1670 27.33 1 60 59999940 -59993517.36054422
< 340
tmc 1375 1670 27.33 1 60 59999940 -59993495.06938776
< 341
tmc 1375 1670 27.33 1 60 59999940 -59993471.38503401
< 342
tmc 1455 1670 27.33 1 60 59999940 -59993449.093877554
< 343
tmc 1535 1670 27.33 1 60 59999940 -59993425.409523815
< 344
tmc 1535 1670 27.33 1 60 59999940 -59993401.72517007
< 345
tmc 1535 1670 27.33 1 60 59999940 -59993379.434013605
< 346
tmc 1535 1670 27.33 1 60 59999940 -59993355.749659866
< 347
tmc 1535 1670 27.33 1 60 59999940 -59993333.4585034
< 348
tmc 1535 1670 27.33 1 60 59999940 -59993309.774149664
< 349
tmc 1455 1670 27.33 1 60 59999940 -59993287.48299319
< 350
tmc 1375 1670 27.33 1 60 59999940 -59993263.798639454
< 351
tmc 1375 1670 27.33 1 60 59999940 -59993241.507483
< 352
tmc 1535 1670 27.33 1 60 59999940 -59993217.82312925
< 353
tmc 1620 1670 27.33 1 60 59999940 -59993195.53197279
< 354
tmc 1620 1670 27.33 1 60 59999940 -59993171.84761904
< 355
tmc 1455 1670 27.33 1 60 59999940 -59993148.1632653
< 356
tmc 1375 1670 27.33 1 60 59999940 -59993125.87210885
< 357
tmc 1455 1670 27.33 1 60 59999940 -59993102.1877551
< 358
tmc 1455 1670 27.33 1 60 59999940 -59993079.89659864
< 359
tmc 1535 1670 27.33 1 60 59999940 -59993056.2122449
< 360
tmc 1455 1670 27.33 1 60 59999940 -59993032.52789115
< 361
tmc 1455 1670 27.33 1 60 59999940 -59993010.236734696
< 362
tmc 1535 1670 27.33 1 60 59999940 -59992986.55238096
< 363
tmc 1620 1670 27.33 1 60 59999940 -59992964.261224486
< 364
tmc 1535 1670 27.33 1 60 59999940 -59992940.57687075
< 365
tmc 1455 1670 27.33 1 60 59999940 -59992918.28571428
< 366
tmc 1375 1670 27.33 1 60 59999940 -59992894.601360545
< 367
tmc 1375 1670 27.33 1 60 59999940 -59992872.31020408
< 368
tmc 1535 1670 27.33 1 60 59999940 -59992848.625850335
< 369
tmc 1620 1670 27.33 1 60 59999940 -59992824.941496596
< 370
tmc 1620 1670 27.33 1 60 59999940 -59992802.65034014
< 371
tmc 1455 1670 27.33 1 60 59999940 -59992778.96598639
< 372
tmc 1455 1670 27.33 1 60 59999940 -59992755.281632654
< 373
tmc 1455 1670 27.33 1 60 59999940 -59992727.41768707
< 374
tmc 1455 1670 27.33 1 60 59999940 -59992699.5537415
< 375
tmc 1455 1670 27.33 1 60 59999940 -59992675.86938776
< 376
tmc 1455 1670 27.33 1 60 59999940 -59992652.185034014
< 377
tmc 1535 1670 27.33 1 60 59999940 -59992629.89387755
< 378
tmc 1620 1670 27.33 1 60 59999940 -59992602.02993198
< 379
tmc 1535 1670 27.33 1 60 59999940 -59992572.77278912
< 380
tmc 1375 1670 27.33 1 60 59999940 -59992549.088435374
< 381
tmc 1375 1670 27.33 1 60 59999940 -59992525.40408163
< 382
tmc 1375 1670 27.33 1 60 59999940 -59992503.11292517
< 383
tmc 1535 1670 27.33 1 60 59999940 -59992479.428571425
< 384
tmc 1620 1670 27.33 1 60 59999940 -59992457.13741497
< 385
tmc 1535 1670 27.33 1 60 59999940 -59992433.45306122
< 386
tmc 1455 1670 27.33 1 60 59999940 -59992411.16190476
< 387
tmc 1455 1670 27.33 1 60 59999940 -59992387.47755102
< 388
tmc 1535 1670 27.33 1 60 59999940 -59992363.79319728
< 389
tmc 1455 1670 27.33 1 60 59999940 -59992341.50204082
< 390
tmc 1375 1670 27.33 1 60 59999940 -59992317.81768708
< 391
tmc 1375 1670 27.33 1 60 59999940 -59992295.52653061
< 392
tmc 1455 1670 27.33 1 60 59999940 -59992273.23537415
< 393
tmc 1620 1670 27.33 1 60 59999940 -59992249.55102041
< 394
tmc 1620 1670 27.33 1 60 59999940 -59992225.86666667
< 395
tmc 1535 1670 27.33 1 60 59999940 -59992202.18231292
< 396
tmc 1375 1670 27.33 1 60 59999940 -59992179.891156465
< 397
tmc 1375 1670 27.33 1 60 59999940 -59992156.20680272
< 398
tmc 1455 1670 27.33 1 60 59999940 -59992133.91564626
< 399
tmc 1535 1670 27.33 1 60 59999940 -59992110.23129252
< 400
tmc 1535 1670 27.33 1 60 59999940 -59992087.94013605
< 401
tmc 1535 1670 27.33 1 60 59999940 -59992064.25578231
< 402
tmc 1535 1670 27.33 1 60 59999940 -59992041.96462585
< 403
tmc 1535 1670 27.33 1 60 59999940 -59992018.28027211
< 404
tmc 1535 1670 27.33 1 60 59999940 -59991994.59591837
< 405
tmc 1455 1670 27.33 1 60 59999940 -59991972.3047619
< 406
tmc 1375 1670 27.33 1 60 59999940 -59991948.62040816
< 407
tmc 1375 1670 27.33 1 60 59999940 -59991926.3292517
< 408
tmc 1455 1670 27.33 1 60 59999940 -59991904.038095236
< 409
tmc 1620 1670 27.33 1 60 59999940 -59991880.3537415
< 410
tmc 1620 1670 27.33 1 60 59999940 -59991856.66938775
< 411
tmc 1535 1670 27.33 1 60 59999940 -59991832.98503401
< 412
tmc 1375 1670 27.33 1 60 59999940 -59991810.693877555
< 413
tmc 1375 1670 27.33 1 60 59999940 -59991787.00952381
< 414
tmc 1455 1670 27.33 1 60 59999940 -59991764.718367346
< 415
tmc 1535 1670 27.33 1 60 59999940 -59991741.03401361
< 416
tmc 1455 1670 27.33 1 60 59999940 -59991718.74285714
< 417
tmc 1455 1670 27.33 1 60 59999940 -59991695.058503404
< 418
tmc 1535 1670 27.33 1 60 59999940 -59991672.76734693
< 419
tmc 1620 1670 27.33 1 60 59999940 -59991649.082993194
< 420
tmc 1620 1670 27.33 1 60 59999940 -59991625.398639455
< 421
tmc 1455 1670 27.33 1 60 59999940 -59991603.10748299
< 422
tmc 1375 1670 27.33 1 60 59999940 -59991580.81632653
< 423
tmc 1375 1670 27.33 1 60 59999940 -59991557.13197279
< 424
tmc 1535 1670 27.33 1 60 59999940 -59991533.44761904
< 425
tmc 1620 1670 27.33 1 60 59999940 -59991509.763265304
< 426
tmc 1620 1670 27.33 1 60 59999940 -59991487.47210885
< 427
tmc 1535 1670 27.33 1 60 59999940 -59991463.7877551
< 428
tmc 1455 1670 27.33 1 60 59999940 -59991441.49659864
< 429
tmc 1455 1670 27.33 1 60 59999940 -59991419.205442175
< 430
tmc 1455 1670 27.33 1 60 59999940 -59991395.521088436
< 431
tmc 1455 1670 27.33 1 60 59999940 -59991371.8367347
< 432
tmc 1455 1670 27.33 1 60 59999940 -59991349.54557823
< 433
tmc 1455 1670 27.33 1 60 59999940 -59991325.86122449
< 434
tmc 1535 1670 27.33 1 60 59999940 -59991303.570068024
< 435
tmc 1620 1670 27.33 1 60 59999940 -59991279.885714285
< 436
tmc 1620 1670 27.33 1 60 59999940 -59991256.201360546
< 437
tmc 1455 1670 27.33 1 60 59999940 -59991233.91020408
< 438
tmc 1375 1670 27.33 1 60 59999940 -59991210.225850336
< 439
tmc 1375 1670 27.33 1 60 59999940 -59991187.93469388
< 440
tmc 1535 1670 27.33 1 60 59999940 -59991164.250340134
< 441
tmc 1620 1670 27.33 1 60 59999940 -59991140.565986395
< 442
tmc 1535 1670 27.33 1 60 59999940 -59991118.27482993
< 443
tmc 1455 1670 27.33 1 60 59999940 -59991094.590476185
< 444
tmc 1455 1670 27.33 1 60 59999940 -59991072.29931973
< 445
tmc 1535 1670 27.33 1 60 59999940 -59991048.61496599
< 446
tmc 1535 1670 27.33 1 60 59999940 -59991026.32380953
< 447
tmc 1455 1670 27.33 1 60 59999940 -59991002.63945578
< 448
tmc 1375 1670 27.33 1 60 59999940 -59990980.34829932
< 449
tmc 1455 1670 27.33 1 60 59999940 -59990956.66394558
< 450
tmc 1620 1670 27.33 1 60 59999940 -59990932.97959184
< 451
tmc 1620 1670 27.33 1 60 59999940 -59990910.688435376
< 452
tmc 1535 1670 27.33 1 60 59999940 -59990887.00408163
< 453
tmc 1455 1670 27.33 1 60 59999940 -59990863.31972789
< 454
tmc 1375 1670 27.33 1 60 59999940 -59990841.02857143
< 455
tmc 1455 1670 27.33 1 60 59999940 -59990817.34421769
< 456
tmc 1535 1670 27.33 1 60 59999940 -59990795.053061225
< 457
tmc 1535 1670 27.33 1 60 59999940 -59990771.36870748
< 458
tmc 1535 1670 27.33 1 60 59999940 -59990749.07755102
< 459
tmc 1535 1670 27.33 1 60 59999940 -59990725.393197276
< 460
tmc 1535 1670 27.33 1 60 59999940 -59990701.70884354
< 461
tmc 1535 1670 27.33 1 60 59999940 -59990678.0244898
< 462
tmc 1455 1670 27.33 1 60 59999940 -59990655.73333333
< 463
tmc 1375 1670 27.33 1 60 59999940 -59990632.04897959
< 464
tmc 1375 1670 27.33 1 60 59999940 -59990609.75782313
< 465
tmc 1455 1670 27.33 1 60 59999940 -59990587.46666667
< 466
tmc 1620 1670 27.33 1 60 59999940 -59990563.78231293
< 467
tmc 1620 1670 27.33 1 60 59999940 -59990541.49115646
< 468
tmc 1535 1670 27.33 1 60 59999940 -59990517.80680272
< 469
tmc 1535 1670 27.33 1 60 59999940 -59999923.281632654
< 470
tmc 1535 1670 27.33 1 60 59999940 -59999899.597278915
< 471
tmc 1455 1670 27.33 1 60 59999940 -59999888.45170068
< 472
tmc 1455 1670 27.33 1 60 59999940 -59999882.87891156
< 473
tmc 1375 1670 27.33 1 60 59999940 -59999877.306122445
< 474
tmc 1375 1670 27.33 1 60 59999940 -59999866.16054422
< 475
tmc 1375 1670 27.33 1 60 59999940 -59999852.22857142
< 476
tmc 1535 1670 27.33 1 60 59999940 -59999818.79183674
< 477
tmc 1620 1670 27.33 1 60 59999940 -59999806.25306123
< 478
tmc 1620 1670 27.33 1 60 59999940 -59999796.500680275
< 479
tmc 1620 1670 27.33 1 60 59999940 -59999783.961904764
< 480
tmc 1620 1670 27.33 1 60 59999940 -59999772.81632653
< 481
tmc 1535 1670 27.33 1 60 59999940 -59999760.277551025
< 482
tmc 1535 1670 27.33 1 60 59999940 -59999749.13197279
< 483
tmc 1455 1670 27.33 1 60 59999940 -59999736.59319728
< 484
tmc 1375 1670 27.33 1 60 59999940 -59999726.84081633
< 485
tmc 1375 1670 27.33 1 60 59999940 -59999714.302040815
< 486
tmc 1455 1670 27.33 1 60 59999940 -59999703.15646259
< 487
tmc 1455 1670 27.33 1 60 59999940 -59999690.61768708
< 488
tmc 1455 1670 27.33 1 60 59999940 -59999680.865306124
< 489
tmc 1535 1670 27.33 1 60 59999940 -59999668.32653061
< 490
tmc 1535 1670 27.33 1 60 59999940 -59999661.36054422
< 491
tmc 1535 1670 27.33 1 60 59999940 -59999655.7877551
< 492
tmc 1455 1670 27.33 1 60 59999940 -59999644.64217687
< 493
tmc 1455 1670 27.33 1 60 59999940 -59999634.889795914
< 494
tmc 1455 1670 27.33 1 60 59999940 -59999622.35102041
< 495
tmc 1455 1670 27.33 1 60 59999940 -59999611.205442175
< 496
tmc 1535 1670 27.33 1 60 59999940 -59999588.91428572
< 497
tmc 1620 1670 27.33 1 60 59999940 -59999577.768707484
< 498
tmc 1620 1670 27.33 1 60 59999940 -59999565.22993197
< 499
tmc 1620 1670 27.33 1 60 59999940 -59999552.69115647
< 500
tmc 1535 1670 27.33 1 60 59999940 -59999541.54557823
< 501
tmc 1535 1670 27.33 1 60 59999940 -59999530.4
< 502
tmc 1455 1670 27.33 1 60 59999940 -59999519.25442177
< 503
tmc 1375 1670 27.33 1 60 59999940 -59999506.71564626
< 504
tmc 1375 1670 27.33 1 60 59999940 -59999495.570068024
< 505
tmc 1375 1670 27.33 1 60 59999940 -59999483.03129252
< 506
tmc 1375 1670 27.33 1 60 59999940 -59999473.27891157
< 507
tmc 1455 1670 27.33 1 60 59999940 -59999460.74013606
< 508
tmc 1535 1670 27.33 1 60 59999940 -59999449.59455782
< 509
tmc 1620 1670 27.33 1 60 59999940 -59999438.44897959
< 510
tmc 1620 1670 27.33 1 60 59999940 -59999427.30340136
< 511
tmc 1620 1670 27.33 1 60 59999940 -59999414.76462585
< 512
tmc 1620 1670 27.33 1 60 59999940 -59999403.61904762
< 513
tmc 1535 1670 27.33 1 60 59999940 -59999391.08027211
< 514
tmc 1455 1670 27.33 1 60 59999940 -59999381.327891156
< 515
tmc 1455 1670 27.33 1 60 59999940 -59999368.789115645
< 516
tmc 1455 1670 27.33 1 60 59999940 -59999361.82312925
< 517
tmc 1455 1670 27.33 1 60 59999940 -59999356.250340134
< 518
tmc 1455 1670 27.33 1 60 59999940 -59999345.104761906
< 519
tmc 1455 1670 27.33 1 60 59999940 -59999333.95918368
< 520
tmc 1455 1670 27.33 1 60 59999940 -59999322.81360544
< 521
tmc 1535 1670 27.33 1 60 59999940 -59999311.66802721
< 522
tmc 1455 1670 27.33 1 60 59999940 -59999299.129251696
< 523
tmc 1455 1670 27.33 1 60 59999940 -59999286.590476185
< 524
tmc 1455 1670 27.33 1 60 59999940 -59999275.44489796
< 525
tmc 1455 1670 27.33 1 60 59999940 -59999264.29931973
< 526
tmc 1455 1670 27.33 1 60 59999940 -59999254.54693878
< 527
tmc 1455 1670 27.33 1 60 59999940 -59999242.008163266
< 528
tmc 1535 1670 27.33 1 60 59999940 -59999219.7170068
< 529
tmc 1620 1670 27.33 1 60 59999940 -59999208.57142857
< 530
tmc 1620 1670 27.33 1 60 59999940 -59999196.03265306
< 531
tmc 1620 1670 27.33 1 60 59999940 -59999183.49387755
< 532
tmc 1535 1670 27.33 1 60 59999940 -59999172.34829932
< 533
tmc 1455 1670 27.33 1 60 59999940 -59999161.20272109
< 534
tmc 1455 1670 27.33 1 60 59999940 -59999150.05714286
< 535
tmc 1375 1670 27.33 1 60 59999940 -59999137.51836735
< 536
tmc 1375 1670 27.33 1 60 59999940 -59999126.37278912
< 537
tmc 1375 1670 27.33 1 60 59999940 -59999113.83401361
< 538
tmc 1375 1670 27.33 1 60 59999940 -59999104.08163265
< 539
tmc 1455 1670 27.33 1 60 59999940 -59999091.54285714
< 540
tmc 1535 1670 27.33 1 60 59999940 -59999080.39727891
< 541
tmc 1620 1670 27.33 1 60 59999940 -59999069.25170068
< 542
tmc 1620 1670 27.33 1 60 59999940 -59999058.10612245
< 543
tmc 1620 1670 27.33 1 60 59999940 -59999045.56734694
< 544
tmc 1535 1670 27.33 1 60 59999940 -59999034.42176871
< 545
tmc 1535 1670 27.33 1 60 59999940 -59999021.8829932
< 546
tmc 1455 1670 27.33 1 60 59999940 -59999012.13061224
< 547
tmc 1455 1670 27.33 1 60 59999940 -59998999.59183673
< 548
tmc 1535 1670 27.33 1 60 59999940 -59998987.053061225
< 549
tmc 1535 1670 27.33 1 60 59999940 -59998975.90748299
< 550
tmc 1535 1670 27.33 1 60 59999940 -59998964.76190476
< 551
tmc 1535 1670 27.33 1 60 59999940 -59998952.22312925
< 552
tmc 1535 1670 27.33 1 60 59999940 -59998942.4707483
< 553
tmc 1455 1670 27.33 1 60 59999940 -59998929.93197279
< 554
tmc 1375 1670 27.33 1 60 59999940 -59998917.39319728
< 555
tmc 1375 1670 27.33 1 60 59999940 -59998907.64081633
< 556
tmc 1375 1670 27.33 1 60 59999940 -59998896.495238096
< 557
tmc 1455 1670 27.33 1 60 59999940 -59998872.81088435
< 558
tmc 1535 1670 27.33 1 60 59999940 -59998861.66530612
< 559
tmc 1620 1670 27.33 1 60 59999940 -59998849.12653061
< 560
tmc 1620 1670 27.33 1 60 59999940 -59998837.98095238
< 561
tmc 1620 1670 27.33 1 60 59999940 -59998826.835374154
< 562
tmc 1620 1670 27.33 1 60 59999940 -59998814.29659864
< 563
tmc 1535 1670 27.33 1 60 59999940 -59998803.15102041
< 564
tmc 1455 1670 27.33 1 60 59999940 -59998790.6122449
< 565
tmc 1375 1670 27.33 1 60 59999940 -59998780.859863944
< 566
tmc 1375 1670 27.33 1 60 59999940 -59998768.32108843
< 567
tmc 1375 1670 27.33 1 60 59999940 -59998757.175510205
< 568
tmc 1375 1670 27.33 1 60 59999940 -59998746.02993197
< 569
tmc 1455 1670 27.33 1 60 59999940 -59998734.88435374
< 570
tmc 1455 1670 27.33 1 60 59999940 -59998722.34557823
< 571
tmc 1535 1670 27.33 1 60 59999940 -59998711.2
< 572
tmc 1535 1670 27.33 1 60 59999940 -59998698.66122449
< 573
tmc 1535 1670 27.33 1 60 59999940 -59998688.90884353
< 574
tmc 1535 1670 27.33 1 60 59999940 -59998676.37006803
< 575
tmc 1535 1670 27.33 1 60 59999940 -59998665.22448979
< 576
tmc 1455 1670 27.33 1 60 59999940 -59998652.68571428
< 577
tmc 1535 1670 27.33 1 60 59999940 -59998641.540136054
< 578
tmc 1535 1670 27.33 1 60 59999940 -59998630.394557826
< 579
tmc 1535 1670 27.33 1 60 59999940 -59998619.24897959
< 580
tmc 1535 1670 27.33 1 60 59999940 -59998606.71020408
< 581
tmc 1535 1670 27.33 1 60 59999940 -59998595.56462585
< 582
tmc 1535 1670 27.33 1 60 59999940 -59998584.419047624
< 583
tmc 1455 1670 27.33 1 60 59999940 -59998573.27346938
< 584
tmc 1455 1670 27.33 1 60 59999940 -59998560.73469388
< 585
tmc 1375 1670 27.33 1 60 59999940 -59998553.768707484
< 586
tmc 1375 1670 27.33 1 60 59999940 -59998548.19591837
< 587
tmc 1375 1670 27.33 1 60 59999940 -59998537.05034013
< 588
tmc 1375 1670 27.33 1 60 59999940 -59998527.297959186
< 589
tmc 1375 1670 27.33 1 60 59999940 -59998514.759183675
< 590
tmc 1455 1670 27.33 1 60 59999940 -59998503.61360544
< 591
tmc 1535 1670 27.33 1 60 59999940 -59998491.074829936
< 592
tmc 1620 1670 27.33 1 60 59999940 -59998479.9292517
< 593
tmc 1620 1670 27.33 1 60 59999940 -59998468.78367347
< 594
tmc 1620 1670 27.33 1 60 59999940 -59998457.63809524
< 595
tmc 1620 1670 27.33 1 60 59999940 -59998445.099319726
< 596
tmc 1535 1670 27.33 1 60 59999940 -59998433.95374149
< 597
tmc 1455 1670 27.33 1 60 59999940 -59998422.80816326
< 598
tmc 1455 1670 27.33 1 60 59999940 -59998411.662585035
< 599
tmc 1375 1670 27.33 1 60 59999940 -59998399.123809524
< 600
tmc 1375 1670 27.33 1 60 59999940 -59998387.978231296
< 601
tmc 1455 1670 27.33 1 60 59999940 -59998376.83265306
< 602
tmc 1455 1670 27.33 1 60 59999940 -59998365.687074825
< 603
tmc 1535 1670 27.33 1 60 59999940 -59998353.14829932
< 604
tmc 1535 1670 27.33 1 60 59999940 -59998342.002721086
< 605
tmc 1535 1670 27.33 1 60 59999940 -59998329.463945575
< 606
tmc 1455 1670 27.33 1 60 59999940 -59998319.71156462
< 607
tmc 1455 1670 27.33 1 60 59999940 -59998307.17278911
< 608
tmc 1455 1670 27.33 1 60 59999940 -59998296.027210884
< 609
tmc 1455 1670 27.33 1 60 59999940 -59998283.48843537
< 610
tmc 1535 1670 27.33 1 60 59999940 -59998272.342857145
< 611
tmc 1535 1670 27.33 1 60 59999940 -59998261.19727892
< 612
tmc 1620 1670 27.33 1 60 59999940 -59998248.658503406
< 613
tmc 1620 1670 27.33 1 60 59999940 -59998237.51292517
< 614
tmc 1620 1670 27.33 1 60 59999940 -59998226.367346935
< 615
tmc 1535 1670 27.33 1 60 59999940 -59998213.828571424
< 616
tmc 1455 1670 27.33 1 60 59999940 -59998204.07619048
< 617
tmc 1375 1670 27.33 1 60 59999940 -59998191.53741497
< 618
tmc 1375 1670 27.33 1 60 59999940 -59998180.39183673
< 619
tmc 1375 1670 27.33 1 60 59999940 -59998167.85306122
< 620
tmc 1375 1670 27.33 1 60 59999940 -59998156.70748299
< 621
tmc 1455 1670 27.33 1 60 59999940 -59998144.16870748
< 622
tmc 1535 1670 27.33 1 60 59999940 -59998133.023129255
< 623
tmc 1535 1670 27.33 1 60 59999940 -59998121.87755102
< 624
tmc 1620 1670 27.33 1 60 59999940 -59998110.731972784
< 625
tmc 1620 1670 27.33 1 60 59999940 -59998098.19319727
< 626
tmc 1620 1670 27.33 1 60 59999940 -59998087.047619045
< 627
tmc 1535 1670 27.33 1 60 59999940 -59998075.90204082
< 628
tmc 1535 1670 27.33 1 60 59999940 -59998064.75646259
< 629
tmc 1455 1670 27.33 1 60 59999940 -59998041.07210884
< 630
tmc 1620 1670 27.33 1 60 59999940 -59997868.31564626
< 631
tmc 1620 1670 27.33 1 60 59999940 -59997857.170068026
< 632
tmc 1535 1670 27.33 1 60 59999940 -59997846.0244898
< 633
tmc 1455 1670 27.33 1 60 59999940 -59997833.48571429
< 634
tmc 1375 1670 27.33 1 60 59999940 -59997822.34013606
< 635
tmc 1375 1670 27.33 1 60 59999940 -59997811.19455782
< 636
tmc 1375 1670 27.33 1 60 59999940 -59997787.51020408
< 637
tmc 1455 1670 27.33 1 60 59999940 -59997776.36462585
< 638
tmc 1535 1670 27.33 1 60 59999940 -59997765.21904762
< 639
tmc 1535 1670 27.33 1 60 59999940 -59997752.68027211
< 640
tmc 1620 1670 27.33 1 60 59999940 -59997741.534693874
< 641
tmc 1620 1670 27.33 1 60 59999940 -59997730.38911565
< 642
tmc 1535 1670 27.33 1 60 59999940 -59997717.850340135
< 643
tmc 1535 1670 27.33 1 60 59999940 -59997706.70476191
< 644
tmc 1535 1670 27.33 1 60 59999940 -59997695.55918367
< 645
tmc 1455 1670 27.33 1 60 59999940 -59997683.02040817
< 646
tmc 1455 1670 27.33 1 60 59999940 -59997671.874829926
< 647
tmc 1535 1670 27.33 1 60 59999940 -59997649.58367347
< 648
tmc 1535 1670 27.33 1 60 59999940 -59997637.04489796
< 649
tmc 1455 1670 27.33 1 60 59999940 -59997603.60816327
< 650
tmc 1375 1670 27.33 1 60 59999940 -59997592.46258503
< 651
tmc 1375 1670 27.33 1 60 59999940 -59997579.92380953
< 652
tmc 1375 1670 27.33 1 60 59999940 -59997568.77823129
< 653
tmc 1455 1670 27.33 1 60 59999940 -59997557.63265306
< 654
tmc 1535 1670 27.33 1 60 59999940 -59997546.48707483
< 655
tmc 1620 1670 27.33 1 60 59999940 -59997535.3414966
< 656
tmc 1620 1670 27.33 1 60 59999940 -59997522.80272109
< 657
tmc 1620 1670 27.33 1 60 59999940 -59997499.11836735
< 658
tmc 1620 1670 27.33 1 60 59999940 -59997487.972789116
< 659
tmc 1535 1670 27.33 1 60 59999940 -59997475.434013605
< 660
tmc 1455 1670 27.33 1 60 59999940 -59997464.28843537
< 661
tmc 1375 1670 27.33 1 60 59999940 -59997453.14285714
< 662
tmc 1375 1670 27.33 1 60 59999940 -59997433.638095245
< 663
tmc 1455 1670 27.33 1 60 59999940 -59997418.31292517
< 664
tmc 1455 1670 27.33 1 60 59999940 -59997407.16734694
< 665
tmc 1535 1670 27.33 1 60 59999940 -59997396.02176871
< 666
tmc 1535 1670 27.33 1 60 59999940 -59997383.4829932
< 667
tmc 1535 1670 27.33 1 60 59999940 -59997372.33741497
< 668
tmc 1535 1670 27.33 1 60 59999940 -59997359.79863946
< 669
tmc 1535 1670 27.33 1 60 59999940 -59997348.653061226
< 670
tmc 1535 1670 27.33 1 60 59999940 -59997337.50748299
< 671
tmc 1535 1670 27.33 1 60 59999940 -59997326.36190476
< 672
tmc 1535 1670 27.33 1 60 59999940 -59997313.82312925
< 673
tmc 1535 1670 27.33 1 60 59999940 -59997302.67755102
< 674
tmc 1535 1670 27.33 1 60 59999940 -59997291.53197279
< 675
tmc 1535 1670 27.33 1 60 59999940 -59997284.565986395
< 676
tmc 1535 1670 27.33 1 60 59999940 -59997278.99319728
< 677
tmc 1535 1670 27.33 1 60 59999940 -59997267.84761905
< 678
tmc 1375 1670 27.33 1 60 59999940 -59997234.41088435
< 679
tmc 1375 1670 27.33 1 60 59999940 -59997210.72653061
< 680
tmc 1375 1670 27.33 1 60 59999940 -59997199.58095238
< 681
tmc 1455 1670 27.33 1 60 59999940 -59997188.43537415
< 682
tmc 1535 1670 27.33 1 60 59999940 -59997175.89659864
< 683
tmc 1620 1670 27.33 1 60 59999940 -59997164.75102041
< 684
tmc 1620 1670 27.33 1 60 59999940 -59997141.06666667
< 685
tmc 1535 1670 27.33 1 60 59999940 -59997118.7755102
< 686
tmc 1455 1670 27.33 1 60 59999940 -59997106.23673469
< 687
tmc 1455 1670 27.33 1 60 59999940 -59997095.09115646
< 688
tmc 1375 1670 27.33 1 60 59999940 -59997083.94557823
< 689
tmc 1375 1670 27.33 1 60 59999940 -59997071.40680272
< 690
tmc 1455 1670 27.33 1 60 59999940 -59997049.11564626
< 691
tmc 1455 1670 27.33 1 60 59999940 -59997036.57687075
< 692
tmc 1535 1670 27.33 1 60 59999940 -59997026.824489795
< 693
tmc 1535 1670 27.33 1 60 59999940 -59997014.28571428
< 694
tmc 1455 1670 27.33 1 60 59999940 -59997003.140136056
< 695
tmc 1455 1670 27.33 1 60 59999940 -59996990.601360545
< 696
tmc 1455 1670 27.33 1 60 59999940 -59996979.45578231
< 697
tmc 1455 1670 27.33 1 60 59999940 -59996968.31020408
< 698
tmc 1535 1670 27.33 1 60 59999940 -59996957.16462585
< 699
tmc 1535 1670 27.33 1 60 59999940 -59996944.62585034
< 700
tmc 1620 1670 27.33 1 60 59999940 -59996933.480272114
< 701
tmc 1620 1670 27.33 1 60 59999940 -59996922.33469388
< 702
tmc 1620 1670 27.33 1 60 59999940 -59996911.18911564
< 703
tmc 1375 1670 27.33 1 60 59999940 -59996865.21360544
< 704
tmc 1375 1670 27.33 1 60 59999940 -59996852.67482993
< 705
tmc 1375 1670 27.33 1 60 59999940 -59996841.5292517
< 706
tmc 1455 1670 27.33 1 60 59999940 -59996817.84489796
< 707
tmc 1535 1670 27.33 1 60 59999940 -59996806.69931973
< 708
tmc 1620 1670 27.33 1 60 59999940 -59996795.55374149
< 709
tmc 1620 1670 27.33 1 60 59999940 -59996783.01496598
< 710
tmc 1620 1670 27.33 1 60 59999940 -59996771.86938775
< 711
tmc 1535 1670 27.33 1 60 59999940 -59996749.57823129
< 712
tmc 1455 1670 27.33 1 60 59999940 -59996737.03945579
< 713
tmc 1455 1670 27.33 1 60 59999940 -59996714.74829932
< 714
tmc 1455 1670 27.33 1 60 59999940 -59996703.60272109
< 715
tmc 1455 1670 27.33 1 60 59999940 -59996691.06394558
< 716
tmc 1455 1670 27.33 1 60 59999940 -59996679.91836734
< 717
tmc 1455 1670 27.33 1 60 59999940 -59996667.37959184
< 718
tmc 1455 1670 27.33 1 60 59999940 -59996657.627210885
< 719
tmc 1455 1670 27.33 1 60 59999940 -59996645.088435374
< 720
tmc 1455 1670 27.33 1 60 59999940 -59996633.942857146
< 721
tmc 1455 1670 27.33 1 60 59999940 -59996621.404081635
< 722
tmc 1455 1670 27.33 1 60 59999940 -59996610.2585034
< 723
tmc 1535 1670 27.33 1 60 59999940 -59996587.96734694
< 724
tmc 1620 1670 27.33 1 60 59999940 -59996564.2829932
< 725
tmc 1620 1670 27.33 1 60 59999940 -59996540.59863945
< 726
tmc 1375 1670 27.33 1 60 59999940 -59996470.93877551
< 727
tmc 1455 1670 27.33 1 60 59999940 -59996448.647619046
< 728
tmc 1535 1670 27.33 1 60 59999940 -59996437.50204082
< 729
tmc 1620 1670 27.33 1 60 59999940 -59996424.96326531
< 730
tmc 1620 1670 27.33 1 60 59999940 -59996413.81768707
< 731
tmc 1535 1670 27.33 1 60 59999940 -59996402.672108844
< 732
tmc 1535 1670 27.33 1 60 59999940 -59996391.526530616
< 733
tmc 1535 1670 27.33 1 60 59999940 -59996380.38095238
< 734
tmc 1455 1670 27.33 1 60 59999940 -59996367.84217687
< 735
tmc 1455 1670 27.33 1 60 59999940 -59996356.696598634
< 736
tmc 1535 1670 27.33 1 60 59999940 -59996334.40544218
< 737
tmc 1535 1670 27.33 1 60 59999940 -59996310.72108844
< 738
tmc 1455 1670 27.33 1 60 59999940 -59996287.03673469
< 739
tmc 1375 1670 27.33 1 60 59999940 -59996275.891156465
< 740
tmc 1375 1670 27.33 1 60 59999940 -59996264.74557823
< 741
tmc 1455 1670 27.33 1 60 59999940 -59996241.06122449
< 742
tmc 1535 1670 27.33 1 60 59999940 -59996218.77006803
< 743
tmc 1620 1670 27.33 1 60 59999940 -59996206.231292516
< 744
tmc 1620 1670 27.33 1 60 59999940 -59996195.08571429
< 745
tmc 1620 1670 27.33 1 60 59999940 -59996172.794557825
< 746
tmc 1535 1670 27.33 1 60 59999940 -59996160.25578231
< 747
tmc 1455 1670 27.33 1 60 59999940 -59996149.11020408
< 748
tmc 1375 1670 27.33 1 60 59999940 -59996125.42585034
< 749
tmc 1375 1670 27.33 1 60 59999940 -59996114.28027211
< 750
tmc 1375 1670 27.33 1 60 59999940 -59996103.134693876
< 751
tmc 1535 1670 27.33 1 60 59999940 -59996079.45034014
< 752
tmc 1535 1670 27.33 1 60 59999940 -59996057.15918367
< 753
tmc 1535 1670 27.33 1 60 59999940 -59996033.47482993
< 754
tmc 1455 1670 27.33 1 60 59999940 -59996011.18367347
< 755
tmc 1535 1670 27.33 1 60 59999940 -59995998.64489796
< 756
tmc 1535 1670 27.33 1 60 59999940 -59995987.499319725
< 757
tmc 1535 1670 27.33 1 60 59999940 -59995976.3537415
< 758
tmc 1535 1670 27.33 1 60 59999940 -59995963.814965986
< 759
tmc 1535 1670 27.33 1 60 59999940 -59995941.52380952
< 760
tmc 1455 1670 27.33 1 60 59999940 -59995928.98503402
< 761
tmc 1375 1670 27.33 1 60 59999940 -59995917.839455776
< 762
tmc 1375 1670 27.33 1 60 59999940 -59995906.69387755
< 763
tmc 1375 1670 27.33 1 60 59999940 -59995895.54829932
< 764
tmc 1375 1670 27.33 1 60 59999940 -59995883.00952381
< 765
tmc 1455 1670 27.33 1 60 59999940 -59995871.86394558
< 766
tmc 1620 1670 27.33 1 60 59999940 -59995849.57278912
< 767
tmc 1620 1670 27.33 1 60 59999940 -59995837.03401361
< 768
tmc 1620 1670 27.33 1 60 59999940 -59995825.88843538
< 769
tmc 1620 1670 27.33 1 60 59999940 -59995807.77687074
< 770
tmc 1535 1670 27.33 1 60 59999940 -59995802.20408163
< 771
tmc 1535 1670 27.33 1 60 59999940 -59995791.0585034
< 772
tmc 1455 1670 27.33 1 60 59999940 -59995779.91292517
< 773
tmc 1375 1670 27.33 1 60 59999940 -59995768.76734694
< 774
tmc 1375 1670 27.33 1 60 59999940 -59995756.22857143
< 775
tmc 1375 1670 27.33 1 60 59999940 -59995746.47619048
< 776
tmc 1455 1670 27.33 1 60 59999940 -59995733.93741497
< 777
tmc 1535 1670 27.33 1 60 59999940 -59995711.6462585
< 778
tmc 1535 1670 27.33 1 60 59999940 -59995700.50068027
< 779
tmc 1535 1670 27.33 1 60 59999940 -59995687.961904764
< 780
tmc 1455 1670 27.33 1 60 59999940 -59995676.81632653
< 781
tmc 1455 1670 27.33 1 60 59999940 -59995664.27755102
< 782
tmc 1455 1670 27.33 1 60 59999940 -59995653.13197279
< 783
tmc 1535 1670 27.33 1 60 59999940 -59995641.98639456
< 784
tmc 1535 1670 27.33 1 60 59999940 -59995629.44761905
< 785
tmc 1620 1670 27.33 1 60 59999940 -59995618.30204082
< 786
tmc 1620 1670 27.33 1 60 59999940 -59995605.76326531
< 787
tmc 1620 1670 27.33 1 60 59999940 -59995594.61768708
< 788
tmc 1535 1670 27.33 1 60 59999940 -59995572.32653061
< 789
tmc 1455 1670 27.33 1 60 59999940 -59995561.18095238
< 790
tmc 1375 1670 27.33 1 60 59999940 -59995548.642176874
< 791
tmc 1375 1670 27.33 1 60 59999940 -59995537.49659864
< 792
tmc 1375 1670 27.33 1 60 59999940 -59995526.35102041
< 793
tmc 1375 1670 27.33 1 60 59999940 -59995513.8122449
< 794
tmc 1455 1670 27.33 1 60 59999940 -59995504.05986394
< 795
tmc 1535 1670 27.33 1 60 59999940 -59995491.52108843
< 796
tmc 1620 1670 27.33 1 60 59999940 -59995480.3755102
< 797
tmc 1620 1670 27.33 1 60 59999940 -59995467.83673469
< 798
tmc 1620 1670 27.33 1 60 59999940 -59995456.69115646
< 799
tmc 1535 1670 27.33 1 60 59999940 -59995434.4
< 800
tmc 1455 1670 27.33 1 60 59999940 -59995421.86122449
< 801
tmc 1455 1670 27.33 1 60 59999940 -59995414.895238094
< 802
tmc 1455 1670 27.33 1 60 59999940 -59995387.03129252
< 803
tmc 1455 1670 27.33 1 60 59999940 -59995377.27891156
< 804
tmc 1455 1670 27.33 1 60 59999940 -59995364.74013605
< 805
tmc 1535 1670 27.33 1 60 59999940 -59995353.59455782
< 806
tmc 1455 1670 27.33 1 60 59999940 -59995342.448979594
< 807
tmc 1455 1670 27.33 1 60 59999940 -59995331.303401366
< 808
tmc 1455 1670 27.33 1 60 59999940 -59995318.764625855
< 809
tmc 1455 1670 27.33 1 60 59999940 -59995307.61904762
< 810
tmc 1455 1670 27.33 1 60 59999940 -59995295.08027211
< 811
tmc 1455 1670 27.33 1 60 59999940 -59995283.93469387
< 812
tmc 1535 1670 27.33 1 60 59999940 -59995272.789115645
< 813
tmc 1535 1670 27.33 1 60 59999940 -59995260.250340134
< 814
tmc 1620 1670 27.33 1 60 59999940 -59995249.104761906
< 815
tmc 1620 1670 27.33 1 60 59999940 -59995236.565986395
< 816
tmc 1620 1670 27.33 1 60 59999940 -59995225.42040816
< 817
tmc 1535 1670 27.33 1 60 59999940 -59995203.1292517
< 818
tmc 1455 1670 27.33 1 60 59999940 -59995191.983673476
< 819
tmc 1375 1670 27.33 1 60 59999940 -59995180.83809523
< 820
tmc 1375 1670 27.33 1 60 59999940 -59995168.29931973
< 821
tmc 1375 1670 27.33 1 60 59999940 -59995157.153741494
< 822
tmc 1375 1670 27.33 1 60 59999940 -59995144.61496598
< 823
tmc 1455 1670 27.33 1 60 59999940 -59995134.86258504
< 824
tmc 1535 1670 27.33 1 60 59999940 -59995122.32380953
< 825
tmc 1620 1670 27.33 1 60 59999940 -59995111.17823129
< 826
tmc 1620 1670 27.33 1 60 59999940 -59995098.63945578
< 827
tmc 1620 1670 27.33 1 60 59999940 -59995087.49387755
< 828
tmc 1535 1670 27.33 1 60 59999940 -59995069.38231292
< 829
tmc 1535 1670 27.33 1 60 59999940 -59995063.80952381
< 830
tmc 1455 1670 27.33 1 60 59999940 -59995052.66394558
< 831
tmc 1455 1670 27.33 1 60 59999940 -59995041.51836734
< 832
tmc 1455 1670 27.33 1 60 59999940 -59995030.372789115
< 833
tmc 1535 1670 27.33 1 60 59999940 -59995019.22721089
< 834
tmc 1535 1670 27.33 1 60 59999940 -59994995.54285714
< 835
tmc 1535 1670 27.33 1 60 59999940 -59994984.39727891
< 836
tmc 1455 1670 27.33 1 60 59999940 -59994973.251700684
< 837
tmc 1455 1670 27.33 1 60 59999940 -59994960.71292517
< 838
tmc 1375 1670 27.33 1 60 59999940 -59994949.56734694
< 839
tmc 1375 1670 27.33 1 60 59999940 -59994937.02857143
< 840
tmc 1375 1670 27.33 1 60 59999940 -59994925.88299319
< 841
tmc 1455 1670 27.33 1 60 59999940 -59994914.73741496
< 842
tmc 1535 1670 27.33 1 60 59999940 -59994903.591836736
< 843
tmc 1620 1670 27.33 1 60 59999940 -59994891.053061225
< 844
tmc 1620 1670 27.33 1 60 59999940 -59994879.907483
< 845
tmc 1620 1670 27.33 1 60 59999940 -59994868.76190476
< 846
tmc 1620 1670 27.33 1 60 59999940 -59994856.22312925
< 847
tmc 1535 1670 27.33 1 60 59999940 -59994845.07755102
< 848
tmc 1455 1670 27.33 1 60 59999940 -59994833.93197279
< 849
tmc 1375 1670 27.33 1 60 59999940 -59994821.393197276
< 850
tmc 1375 1670 27.33 1 60 59999940 -59994811.64081632
< 851
tmc 1375 1670 27.33 1 60 59999940 -59994799.10204081
< 852
tmc 1375 1670 27.33 1 60 59999940 -59994787.956462584
< 853
tmc 1455 1670 27.33 1 60 59999940 -59994775.41768707
< 854
tmc 1455 1670 27.33 1 60 59999940 -59994764.272108845
< 855
tmc 1535 1670 27.33 1 60 59999940 -59994753.12653062
< 856
tmc 1535 1670 27.33 1 60 59999940 -59994741.98095238
< 857
tmc 1535 1670 27.33 1 60 59999940 -59994729.44217687
< 858
tmc 1535 1670 27.33 1 60 59999940 -59994718.296598636
< 859
tmc 1535 1670 27.33 1 60 59999940 -59994707.15102041
< 860
tmc 1535 1670 27.33 1 60 59999940 -59994696.00544218
< 861
tmc 1535 1670 27.33 1 60 59999940 -59994683.46666667
< 862
tmc 1535 1670 27.33 1 60 59999940 -59994672.32108843
< 863
tmc 1535 1670 27.33 1 60 59999940 -59994659.78231292
< 864
tmc 1535 1670 27.33 1 60 59999940 -59994650.02993198
< 865
tmc 1535 1670 27.33 1 60 59999940 -59994637.49115647
< 866
tmc 1535 1670 27.33 1 60 59999940 -59994626.34557823
< 867
tmc 1455 1670 27.33 1 60 59999940 -59994615.199999996
< 868
tmc 1455 1670 27.33 1 60 59999940 -59994602.661224484
< 869
tmc 1375 1670 27.33 1 60 59999940 -59994591.51564626
< 870
tmc 1375 1670 27.33 1 60 59999940 -59994580.37006803
< 871
tmc 1375 1670 27.33 1 60 59999940 -59994569.2244898
< 872
tmc 1375 1670 27.33 1 60 59999940 -59994556.68571429
< 873
tmc 1455 1670 27.33 1 60 59999940 -59994545.540136054
< 874
tmc 1535 1670 27.33 1 60 59999940 -59994534.394557826
< 875
tmc 1620 1670 27.33 1 60 59999940 -59994521.855782315
< 876
tmc 1620 1670 27.33 1 60 59999940 -59994510.71020408
< 877
tmc 1620 1670 27.33 1 60 59999940 -59994499.56462585
< 878
tmc 1620 1670 27.33 1 60 59999940 -59994488.41904762
< 879
tmc 1535 1670 27.33 1 60 59999940 -59994475.880272105
< 880
tmc 1455 1670 27.33 1 60 59999940 -59994464.73469388
< 881
tmc 1455 1670 27.33 1 60 59999940 -59994452.19591837
< 882
tmc 1375 1670 27.33 1 60 59999940 -59994442.443537414
< 883
tmc 1375 1670 27.33 1 60 59999940 -59994429.90476191
< 884
tmc 1455 1670 27.33 1 60 59999940 -59994418.759183675
< 885
tmc 1455 1670 27.33 1 60 59999940 -59994406.220408164
< 886
tmc 1535 1670 27.33 1 60 59999940 -59994395.07482993
< 887
tmc 1535 1670 27.33 1 60 59999940 -59994371.39047619
< 888
tmc 1455 1670 27.33 1 60 59999940 -59994360.24489796
< 889
tmc 1455 1670 27.33 1 60 59999940 -59994349.099319726
< 890
tmc 1455 1670 27.33 1 60 59999940 -59994336.560544215
< 891
tmc 1455 1670 27.33 1 60 59999940 -59994325.41496599
< 892
tmc 1535 1670 27.33 1 60 59999940 -59994314.26938776
< 893
tmc 1535 1670 27.33 1 60 59999940 -59994303.123809524
< 894
tmc 1620 1670 27.33 1 60 59999940 -59994291.97823129
< 895
tmc 1620 1670 27.33 1 60 59999940 -59994268.29387755
< 896
tmc 1535 1670 27.33 1 60 59999940 -59994255.75510204
< 897
tmc 1455 1670 27.33 1 60 59999940 -59994246.002721086
< 898
tmc 1455 1670 27.33 1 60 59999940 -59994014.73197279
< 899
tmc 1455 1670 27.33 1 60 59999940 -59993991.04761905
< 900
tmc 1455 1670 27.33 1 60 59999940 -59993979.90204082
< 901
tmc 1455 1670 27.33 1 60 59999940 -59993967.363265306
< 902
tmc 1455 1670 27.33 1 60 59999940 -59993956.21768707
< 903
tmc 1535 1670 27.33 1 60 59999940 -59993945.07210884
< 904
tmc 1620 1670 27.33 1 60 59999940 -59993933.926530614
< 905
tmc 1620 1670 27.33 1 60 59999940 -59993910.24217687
< 906
tmc 1620 1670 27.33 1 60 59999940 -59993899.09659864
< 907
tmc 1535 1670 27.33 1 60 59999940 -59993887.95102041
< 908
tmc 1455 1670 27.33 1 60 59999940 -59993875.4122449
< 909
tmc 1375 1670 27.33 1 60 59999940 -59993864.26666667
< 910
tmc 1375 1670 27.33 1 60 59999940 -59993853.12108843
< 911
tmc 1375 1670 27.33 1 60 59999940 -59993841.9755102
< 912
tmc 1375 1670 27.33 1 60 59999940 -59993829.43673469
< 913
tmc 1455 1670 27.33 1 60 59999940 -59993818.29115646
< 914
tmc 1535 1670 27.33 1 60 59999940 -59993807.14557823
< 915
tmc 1535 1670 27.33 1 60 59999940 -59993796.0
< 916
tmc 1620 1670 27.33 1 60 59999940 -59993772.31564626
< 917
tmc 1535 1670 27.33 1 60 59999940 -59993759.77687075
< 918
tmc 1535 1670 27.33 1 60 59999940 -59993748.63129252
< 919
tmc 1455 1670 27.33 1 60 59999940 -59993726.34013605
< 920
tmc 1455 1670 27.33 1 60 59999940 -59993715.19455782
< 921
tmc 1535 1670 27.33 1 60 59999940 -59993702.65578231
< 922
tmc 1535 1670 27.33 1 60 59999940 -59993680.36462585
< 923
tmc 1535 1670 27.33 1 60 59999940 -59993669.21904762
< 924
tmc 1455 1670 27.33 1 60 59999940 -59993656.68027211
< 925
tmc 1455 1670 27.33 1 60 59999940 -59993645.53469388
< 926
tmc 1375 1670 27.33 1 60 59999940 -59993621.850340135
< 927
tmc 1375 1670 27.33 1 60 59999940 -59993610.7047619
< 928
tmc 1455 1670 27.33 1 60 59999940 -59993599.55918367
< 929
tmc 1535 1670 27.33 1 60 59999940 -59993587.02040816
< 930
tmc 1620 1670 27.33 1 60 59999940 -59993575.87482993
< 931
tmc 1620 1670 27.33 1 60 59999940 -59993541.04489796
< 932
tmc 1620 1670 27.33 1 60 59999940 -59993529.89931972
< 933
tmc 1535 1670 27.33 1 60 59999940 -59993518.753741495
< 934
tmc 1455 1670 27.33 1 60 59999940 -59993506.214965984
< 935
tmc 1375 1670 27.33 1 60 59999940 -59993495.06938776
< 936
tmc 1375 1670 27.33 1 60 59999940 -59993483.92380952
< 937
tmc 1375 1670 27.33 1 60 59999940 -59993471.38503401
< 938
tmc 1375 1670 27.33 1 60 59999940 -59993460.23945578
< 939
tmc 1455 1670 27.33 1 60 59999940 -59993449.093877554
< 940
tmc 1535 1670 27.33 1 60 59999940 -59993437.948299326
< 941
tmc 1535 1670 27.33 1 60 59999940 -59993425.409523815
< 942
tmc 1535 1670 27.33 1 60 59999940 -59993414.26394558
< 943
tmc 1535 1670 27.33 1 60 59999940 -59993407.297959186
< 944
tmc 1535 1670 27.33 1 60 59999940 -59993333.4585034
< 945
tmc 1535 1670 27.33 1 60 59999940 -59993322.312925175
< 946
tmc 1535 1670 27.33 1 60 59999940 -59993309.774149664
< 947
tmc 1535 1670 27.33 1 60 59999940 -59993298.62857143
< 948
tmc 1455 1670 27.33 1 60 59999940 -59993287.48299319
< 949
tmc 1375 1670 27.33 1 60 59999940 -59993263.798639454
< 950
tmc 1375 1670 27.33 1 60 59999940 -59993252.653061226
< 951
tmc 1375 1670 27.33 1 60 59999940 -59993241.507483
< 952
tmc 1455 1670 27.33 1 60 59999940 -59993228.96870749
< 953
tmc 1535 1670 27.33 1 60 59999940 -59993217.82312925
< 954
tmc 1620 1670 27.33 1 60 59999940 -59993206.67755102
< 955
tmc 1620 1670 27.33 1 60 59999940 -59993195.53197279
< 956
tmc 1620 1670 27.33 1 60 59999940 -59993171.84761904
< 957
tmc 1535 1670 27.33 1 60 59999940 -59993149.556462586
< 958
tmc 1455 1670 27.33 1 60 59999940 -59993137.017687075
< 959
tmc 1375 1670 27.33 1 60 59999940 -59993125.87210885
< 960
tmc 1375 1670 27.33 1 60 59999940 -59993103.580952376
< 961
tmc 1455 1670 27.33 1 60 59999940 -59993091.04217687
< 962
tmc 1455 1670 27.33 1 60 59999940 -59993079.89659864
< 963
tmc 1535 1670 27.33 1 60 59999940 -59993056.2122449
< 964
tmc 1535 1670 27.33 1 60 59999940 -59993045.06666666
< 965
tmc 1455 1670 27.33 1 60 59999940 -59993033.921088435
< 966
tmc 1455 1670 27.33 1 60 59999940 -59993010.236734696
< 967
tmc 1535 1670 27.33 1 60 59999940 -59992987.94557823
< 968
tmc 1620 1670 27.33 1 60 59999940 -59992964.261224486
< 969
tmc 1620 1670 27.33 1 60 59999940 -59992953.11564626
< 970
tmc 1535 1670 27.33 1 60 59999940 -59992940.57687075
< 971
tmc 1535 1670 27.33 1 60 59999940 -59992929.43129252
< 972
tmc 1455 1670 27.33 1 60 59999940 -59992918.28571428
< 973
tmc 1375 1670 27.33 1 60 59999940 -59992894.601360545
< 974
tmc 1375 1670 27.33 1 60 59999940 -59992883.45578232
< 975
tmc 1375 1670 27.33 1 60 59999940 -59992872.31020408
< 976
tmc 1620 1670 27.33 1 60 59999940 -59992837.48027211
< 977
tmc 1620 1670 27.33 1 60 59999940 -59992826.33469388
< 978
tmc 1620 1670 27.33 1 60 59999940 -59992802.65034014
< 979
tmc 1455 1670 27.33 1 60 59999940 -59992780.35918368
< 980
tmc 1455 1670 27.33 1 60 59999940 -59992767.820408165
< 981
tmc 1455 1670 27.33 1 60 59999940 -59992756.67482993
< 982
tmc 1455 1670 27.33 1 60 59999940 -59992732.99047619
< 983
tmc 1455 1670 27.33 1 60 59999940 -59992721.844897956
< 984
tmc 1455 1670 27.33 1 60 59999940 -59992699.5537415
< 985
tmc 1455 1670 27.33 1 60 59999940 -59992675.86938776
< 986
tmc 1455 1670 27.33 1 60 59999940 -59992653.57823129
< 987
tmc 1535 1670 27.33 1 60 59999940 -59992629.89387755
< 988
tmc 1620 1670 27.33 1 60 59999940 -59992607.60272109
< 989
tmc 1620 1670 27.33 1 60 59999940 -59992596.45714286
< 990
tmc 1620 1670 27.33 1 60 59999940 -59992590.88435374
< 991
tmc 1620 1670 27.33 1 60 59999940 -59992583.91836735
< 992
tmc 1535 1670 27.33 1 60 59999940 -59992574.16598639
< 993
tmc 1455 1670 27.33 1 60 59999940 -59992560.23401361
< 994
tmc 1375 1670 27.33 1 60 59999940 -59992525.40408163
< 995
tmc 1375 1670 27.33 1 60 59999940 -59992514.2585034
< 996
tmc 1375 1670 27.33 1 60 59999940 -59992503.11292517
< 997
tmc 1455 1670 27.33 1 60 59999940 -59992490.57414966
< 998
tmc 1535 1670 27.33 1 60 59999940 -59992480.82176871
< 999
tmc 1620 1670 27.33 1 60 59999940 -59992468.2829932
< 1000
tmc 1620 1670 27.33 1 60 59999940 -59992457.13741497
< 1001
tmc 1620 1670 27.33 1 60 59999940 -59992444.59863946
< 1002
tmc 1535 1670 27.33 1 60 59999940 -59992434.8462585
< 1003
tmc 1535 1670 27.33 1 60 59999940 -59992422.30748299
< 1004
tmc 1455 1670 27.33 1 60 59999940 -59992411.16190476
< 1005
tmc 1455 1670 27.33 1 60 59999940 -59992398.62312925
< 1006
tmc 1455 1670 27.33 1 60 59999940 -59992388.870748304
< 1007
tmc 1535 1670 27.33 1 60 59999940 -59992376.33197279
< 1008
tmc 1535 1670 27.33 1 60 59999940 -59992369.36598639
< 1009
tmc 1535 1670 27.33 1 60 59999940 -59992363.79319728
< 1010
tmc 1535 1670 27.33 1 60 59999940 -59992352.647619046
< 1011
tmc 1455 1670 27.33 1 60 59999940 -59992341.50204082
< 1012
tmc 1455 1670 27.33 1 60 59999940 -59992330.35646258
< 1013
tmc 1455 1670 27.33 1 60 59999940 -59992319.210884355
< 1014
tmc 1375 1670 27.33 1 60 59999940 -59992296.91972789
< 1015
tmc 1455 1670 27.33 1 60 59999940 -59992284.38095238
< 1016
tmc 1455 1670 27.33 1 60 59999940 -59992273.23537415
< 1017
tmc 1535 1670 27.33 1 60 59999940 -59992260.69659864
< 1018
tmc 1620 1670 27.33 1 60 59999940 -59992249.55102041
< 1019
tmc 1620 1670 27.33 1 60 59999940 -59992237.0122449
< 1020
tmc 1620 1670 27.33 1 60 59999940 -59992227.25986394
< 1021
tmc 1620 1670 27.33 1 60 59999940 -59992214.72108843
< 1022
tmc 1535 1670 27.33 1 60 59999940 -59992203.575510204
< 1023
tmc 1455 1670 27.33 1 60 59999940 -59992191.03673469
< 1024
tmc 1375 1670 27.33 1 60 59999940 -59992181.28435374
< 1025
tmc 1375 1670 27.33 1 60 59999940 -59992168.74557823
< 1026
tmc 1375 1670 27.33 1 60 59999940 -59992157.6
< 1027
tmc 1375 1670 27.33 1 60 59999940 -59992146.45442177
< 1028
tmc 1455 1670 27.33 1 60 59999940 -59992133.91564626
< 1029
tmc 1535 1670 27.33 1 60 59999940 -59992121.37687075
< 1030
tmc 1535 1670 27.33 1 60 59999940 -59992111.62448979
< 1031
tmc 1535 1670 27.33 1 60 59999940 -59992099.08571428
< 1032
tmc 1535 1670 27.33 1 60 59999940 -59992087.94013605
< 1033
tmc 1535 1670 27.33 1 60 59999940 -59992075.40136054
< 1034
tmc 1535 1670 27.33 1 60 59999940 -59992064.25578231
< 1035
tmc 1535 1670 27.33 1 60 59999940 -59992053.11020408
< 1036
tmc 1535 1670 27.33 1 60 59999940 -59992041.96462585
< 1037
tmc 1535 1670 27.33 1 60 59999940 -59992029.42585034
< 1038
tmc 1535 1670 27.33 1 60 59999940 -59992019.67346939
< 1039
tmc 1535 1670 27.33 1 60 59999940 -59992007.134693876
< 1040
tmc 1535 1670 27.33 1 60 59999940 -59991994.59591837
< 1041
tmc 1535 1670 27.33 1 60 59999940 -59991983.45034013
< 1042
tmc 1455 1670 27.33 1 60 59999940 -59991972.3047619
< 1043
tmc 1455 1670 27.33 1 60 59999940 -59991961.15918367
< 1044
tmc 1375 1670 27.33 1 60 59999940 -59991950.013605446
< 1045
tmc 1375 1670 27.33 1 60 59999940 -59991927.72244898
< 1046
tmc 1455 1670 27.33 1 60 59999940 -59991915.18367347
< 1047
tmc 1455 1670 27.33 1 60 59999940 -59991904.038095236
< 1048
tmc 1535 1670 27.33 1 60 59999940 -59991891.49931973
< 1049
tmc 1620 1670 27.33 1 60 59999940 -59991880.3537415
< 1050
tmc 1620 1670 27.33 1 60 59999940 -59991867.814965986
< 1051
tmc 1620 1670 27.33 1 60 59999940 -59991858.06258503
< 1052
tmc 1620 1670 27.33 1 60 59999940 -59991845.52380952
< 1053
tmc 1535 1670 27.33 1 60 59999940 -59991834.378231294
< 1054
tmc 1455 1670 27.33 1 60 59999940 -59991821.83945578
< 1055
tmc 1375 1670 27.33 1 60 59999940 -59991812.08707483
< 1056
tmc 1375 1670 27.33 1 60 59999940 -59991799.54829932
< 1057
tmc 1375 1670 27.33 1 60 59999940 -59991788.402721085
< 1058
tmc 1455 1670 27.33 1 60 59999940 -59991775.86394557
< 1059
tmc 1455 1670 27.33 1 60 59999940 -59991764.718367346
< 1060
tmc 1535 1670 27.33 1 60 59999940 -59991752.179591835
< 1061
tmc 1535 1670 27.33 1 60 59999940 -59991742.42721088
< 1062
tmc 1535 1670 27.33 1 60 59999940 -59991729.88843537
< 1063
tmc 1455 1670 27.33 1 60 59999940 -59991718.74285714
< 1064
tmc 1455 1670 27.33 1 60 59999940 -59991706.20408163
< 1065
tmc 1455 1670 27.33 1 60 59999940 -59991695.058503404
< 1066
tmc 1455 1670 27.33 1 60 59999940 -59991683.91292518
< 1067
tmc 1535 1670 27.33 1 60 59999940 -59991672.76734693
< 1068
tmc 1535 1670 27.33 1 60 59999940 -59991660.22857143
< 1069
tmc 1620 1670 27.33 1 60 59999940 -59991650.47619048
< 1070
tmc 1620 1670 27.33 1 60 59999940 -59991637.93741497
< 1071
tmc 1620 1670 27.33 1 60 59999940 -59991625.398639455
< 1072
tmc 1535 1670 27.33 1 60 59999940 -59991614.25306123
< 1073
tmc 1455 1670 27.33 1 60 59999940 -59991603.10748299
< 1074
tmc 1375 1670 27.33 1 60 59999940 -59991580.81632653
< 1075
tmc 1375 1670 27.33 1 60 59999940 -59991568.277551025
< 1076
tmc 1375 1670 27.33 1 60 59999940 -59991557.13197279
< 1077
tmc 1455 1670 27.33 1 60 59999940 -59991545.986394554
< 1078
tmc 1535 1670 27.33 1 60 59999940 -59991534.84081633
< 1079
tmc 1620 1670 27.33 1 60 59999940 -59991522.302040815
< 1080
tmc 1620 1670 27.33 1 60 59999940 -59991511.15646259
< 1081
tmc 1620 1670 27.33 1 60 59999940 -59991498.61768708
< 1082
tmc 1620 1670 27.33 1 60 59999940 -59991488.865306124
< 1083
tmc 1535 1670 27.33 1 60 59999940 -59991476.32653061
< 1084
tmc 1535 1670 27.33 1 60 59999940 -59991465.180952385
< 1085
tmc 1455 1670 27.33 1 60 59999940 -59991452.642176874
< 1086
tmc 1455 1670 27.33 1 60 59999940 -59991441.49659864
< 1087
tmc 1455 1670 27.33 1 60 59999940 -59991430.3510204
< 1088
tmc 1455 1670 27.33 1 60 59999940 -59991419.205442175
< 1089
tmc 1455 1670 27.33 1 60 59999940 -59991406.666666664
< 1090
tmc 1455 1670 27.33 1 60 59999940 -59991395.521088436
< 1091
tmc 1455 1670 27.33 1 60 59999940 -59991384.37551021
< 1092
tmc 1455 1670 27.33 1 60 59999940 -59991373.22993197
< 1093
tmc 1455 1670 27.33 1 60 59999940 -59991360.69115646
< 1094
tmc 1455 1670 27.33 1 60 59999940 -59991349.54557823
< 1095
tmc 1455 1670 27.33 1 60 59999940 -59991338.4
< 1096
tmc 1455 1670 27.33 1 60 59999940 -59991327.25442177
< 1097
tmc 1535 1670 27.33 1 60 59999940 -59991314.71564626
< 1098
tmc 1535 1670 27.33 1 60 59999940 -59991303.570068024
< 1099
tmc 1620 1670 27.33 1 60 59999940 -59991291.03129251
< 1100
tmc 1620 1670 27.33 1 60 59999940 -59991281.27891157
< 1101
tmc 1620 1670 27.33 1 60 59999940 -59991268.74013606
< 1102
tmc 1620 1670 27.33 1 60 59999940 -59991261.774149664
< 1103
tmc 1620 1670 27.33 1 60 59999940 -59991256.201360546
< 1104
tmc 1535 1670 27.33 1 60 59999940 -59991245.05578232
< 1105
tmc 1455 1670 27.33 1 60 59999940 -59991233.91020408
< 1106
tmc 1375 1670 27.33 1 60 59999940 -59991222.76462585
< 1107
tmc 1375 1670 27.33 1 60 59999940 -59991211.61904762
< 1108
tmc 1375 1670 27.33 1 60 59999940 -59991199.08027211
< 1109
tmc 1375 1670 27.33 1 60 59999940 -59991187.93469388
< 1110
tmc 1455 1670 27.33 1 60 59999940 -59991176.789115645
< 1111
tmc 1535 1670 27.33 1 60 59999940 -59991165.64353742
< 1112
tmc 1535 1670 27.33 1 60 59999940 -59991153.104761906
< 1113
tmc 1620 1670 27.33 1 60 59999940 -59991141.95918368
< 1114
tmc 1620 1670 27.33 1 60 59999940 -59991129.42040817
< 1115
tmc 1535 1670 27.33 1 60 59999940 -59991118.27482993
< 1116
tmc 1535 1670 27.33 1 60 59999940 -59991107.129251696
< 1117
tmc 1455 1670 27.33 1 60 59999940 -59991095.98367347
< 1118
tmc 1455 1670 27.33 1 60 59999940 -59991083.44489796
< 1119
tmc 1455 1670 27.33 1 60 59999940 -59991072.29931973
< 1120
tmc 1535 1670 27.33 1 60 59999940 -59991061.1537415
< 1121
tmc 1535 1670 27.33 1 60 59999940 -59991050.008163266
< 1122
tmc 1535 1670 27.33 1 60 59999940 -59991037.469387755
< 1123
tmc 1535 1670 27.33 1 60 59999940 -59991026.32380953
< 1124
tmc 1455 1670 27.33 1 60 59999940 -59991015.17823129
< 1125
tmc 1455 1670 27.33 1 60 59999940 -59991004.032653056
< 1126
tmc 1375 1670 27.33 1 60 59999940 -59990991.49387755
< 1127
tmc 1375 1670 27.33 1 60 59999940 -59990980.34829932
< 1128
tmc 1375 1670 27.33 1 60 59999940 -59990967.809523806
< 1129
tmc 1455 1670 27.33 1 60 59999940 -59990956.66394558
< 1130
tmc 1535 1670 27.33 1 60 59999940 -59990945.51836735
< 1131
tmc 1620 1670 27.33 1 60 59999940 -59990934.372789115
< 1132
tmc 1620 1670 27.33 1 60 59999940 -59990921.83401361
< 1133
tmc 1620 1670 27.33 1 60 59999940 -59990910.688435376
< 1134
tmc 1620 1670 27.33 1 60 59999940 -59990898.149659865
< 1135
tmc 1620 1670 27.33 1 60 59999940 -59990888.39727891
< 1136
tmc 1455 1670 27.33 1 60 59999940 -59990875.8585034
< 1137
tmc 1455 1670 27.33 1 60 59999940 -59990864.712925166
< 1138
tmc 1375 1670 27.33 1 60 59999940 -59990852.17414966
< 1139
tmc 1375 1670 27.33 1 60 59999940 -59990841.02857143
< 1140
tmc 1375 1670 27.33 1 60 59999940 -59990829.8829932
< 1141
tmc 1455 1670 27.33 1 60 59999940 -59990818.73741497
< 1142
tmc 1455 1670 27.33 1 60 59999940 -59990806.19863946
< 1143
tmc 1535 1670 27.33 1 60 59999940 -59990795.053061225
< 1144
tmc 1535 1670 27.33 1 60 59999940 -59990783.90748299
< 1145
tmc 1535 1670 27.33 1 60 59999940 -59990772.76190476
< 1146
tmc 1535 1670 27.33 1 60 59999940 -59990760.22312925
< 1147
tmc 1620 1670 27.33 1 60 59999940 -59990563.78231293
< 1148
tmc 1620 1670 27.33 1 60 59999940 -59990552.636734694
< 1149
tmc 1620 1670 27.33 1 60 59999940 -59990541.49115646
< 1150
tmc 1620 1670 27.33 1 60 59999940 -59990530.34557823
< 1151
tmc 1535 1670 27.33 1 60 59999940 -59990517.80680272
< 1152
tmc 1455 1670 27.33 1 60 59999940 -59990494.12244898
< 1153
tmc 1375 1670 27.33 1 60 59999940 -59990484.37006803
< 1154
tmc 1375 1670 27.33 1 60 59999940 -59990471.83129252
< 1155
tmc 1455 1670 27.33 1 60 59999940 -59990460.68571428
< 1156
tmc 1455 1670 27.33 1 60 59999940 -59990448.14693877
< 1157
tmc 1455 1670 27.33 1 60 59999940 -59990437.00136054
< 1158
tmc 1535 1670 27.33 1 60 59999940 -59990425.855782315
< 1159
tmc 1535 1670 27.33 1 60 59999940 -59990414.71020408
< 1160
tmc 1535 1670 27.33 1 60 59999940 -59990402.17142857
< 1161
tmc 1455 1670 27.33 1 60 59999940 -59990378.48707483
< 1162